Time	Ch 0
[s]	[V]
0.000000	-2.767284
0.000667	-2.763667
0.001333	-2.761036
0.002000	-2.757418
0.002667	-2.755116
0.003333	-2.751499
0.004000	-2.748539
0.004667	-2.745250
0.005333	-2.741304
0.006000	-2.738344
0.006666	-2.734727
0.007333	-2.731109
0.008000	-2.727821
0.008666	-2.724203
0.009333	-2.719928
0.010000	-2.716639
0.010666	-2.712035
0.011333	-2.708746
0.012000	-2.705458
0.012666	-2.701182
0.013333	-2.696578
0.014000	-2.692303
0.014666	-2.688028
0.015333	-2.683752
0.016000	-2.679477
0.016666	-2.675202
0.017333	-2.670927
0.018000	-2.666323
0.018666	-2.662376
0.019333	-2.658430
0.019999	-2.653826
0.020666	-2.649879
0.021333	-2.644617
0.021999	-2.639356
0.022666	-2.635080
0.023333	-2.630147
0.023999	-2.625214
0.024666	-2.620610
0.025333	-2.615348
0.025999	-2.610744
0.026666	-2.605482
0.027333	-2.600549
0.027999	-2.595616
0.028666	-2.590355
0.029333	-2.584764
0.029999	-2.579502
0.030666	-2.574898
0.031333	-2.568978
0.031999	-2.564045
0.032666	-2.558126
0.033333	-2.551877
0.033999	-2.545629
0.034666	-2.539709
0.035332	-2.534447
0.035999	-2.528528
0.036666	-2.523595
0.037332	-2.517346
0.037999	-2.511756
0.038666	-2.506165
0.039332	-2.499259
0.039999	-2.493668
0.040666	-2.487419
0.041332	-2.481171
0.041999	-2.475251
0.042666	-2.468674
0.043332	-2.462755
0.043999	-2.456506
0.044666	-2.450258
0.045332	-2.444338
0.045999	-2.437103
0.046665	-2.430855
0.047332	-2.424277
0.047999	-2.417371
0.048665	-2.410465
0.049332	-2.404874
0.049999	-2.397639
0.050665	-2.391062
0.051332	-2.383827
0.051999	-2.376592
0.052665	-2.370343
0.053332	-2.363108
0.053999	-2.355873
0.054665	-2.348309
0.055332	-2.342061
0.055999	-2.334826
0.056665	-2.326933
0.057332	-2.319698
0.057999	-2.313120
0.058665	-2.305557
0.059332	-2.298322
0.059998	-2.291415
0.060665	-2.284180
0.061332	-2.276287
0.061998	-2.268724
0.062665	-2.260831
0.063332	-2.252938
0.063998	-2.246032
0.064665	-2.238139
0.065332	-2.229917
0.065998	-2.221696
0.066665	-2.214461
0.067332	-2.206568
0.067998	-2.198675
0.068665	-2.190453
0.069332	-2.182561
0.069998	-2.175326
0.070665	-2.165789
0.071332	-2.158225
0.071998	-2.150661
0.072665	-2.141781
0.073331	-2.133560
0.073998	-2.125996
0.074665	-2.118103
0.075331	-2.109224
0.075998	-2.100673
0.076665	-2.092123
0.077331	-2.083572
0.077998	-2.074693
0.078665	-2.066142
0.079331	-2.057592
0.079998	-2.049041
0.080665	-2.040491
0.081331	-2.031940
0.081998	-2.022403
0.082665	-2.013195
0.083331	-2.004315
0.083998	-1.995765
0.084665	-1.986557
0.085331	-1.977677
0.085998	-1.968469
0.086664	-1.960247
0.087331	-1.951039
0.087998	-1.941502
0.088664	-1.932623
0.089331	-1.922757
0.089998	-1.913877
0.090664	-1.904340
0.091331	-1.894803
0.091998	-1.885924
0.092664	-1.876058
0.093331	-1.866849
0.093998	-1.857970
0.094664	-1.848433
0.095331	-1.839225
0.095998	-1.829030
0.096664	-1.819493
0.097331	-1.809956
0.097998	-1.800747
0.098664	-1.790553
0.099331	-1.780029
0.099997	-1.770163
0.100664	-1.760955
0.101331	-1.750760
0.101997	-1.741223
0.102664	-1.731357
0.103331	-1.721491
0.103997	-1.710967
0.104664	-1.701101
0.105331	-1.690906
0.105997	-1.680711
0.106664	-1.671174
0.107331	-1.660979
0.107997	-1.650785
0.108664	-1.641247
0.109331	-1.630724
0.109997	-1.620529
0.110664	-1.610334
0.111331	-1.600139
0.111997	-1.589287
0.112664	-1.579421
0.113331	-1.568568
0.113997	-1.558044
0.114664	-1.547192
0.115330	-1.537655
0.115997	-1.526473
0.116664	-1.516278
0.117330	-1.505097
0.117997	-1.494244
0.118664	-1.483721
0.119330	-1.473197
0.119997	-1.462344
0.120664	-1.451492
0.121330	-1.440639
0.121997	-1.430773
0.122664	-1.419592
0.123330	-1.409068
0.123997	-1.397887
0.124664	-1.386705
0.125330	-1.376182
0.125997	-1.365329
0.126663	-1.353819
0.127330	-1.342966
0.127997	-1.332114
0.128663	-1.321261
0.129330	-1.309751
0.129997	-1.298898
0.130663	-1.287717
0.131330	-1.276535
0.131997	-1.265025
0.132663	-1.253843
0.133330	-1.242662
0.133997	-1.231481
0.134663	-1.220299
0.135330	-1.209118
0.135997	-1.197279
0.136663	-1.186097
0.137330	-1.175573
0.137997	-1.163734
0.138663	-1.152553
0.139330	-1.141043
0.139996	-1.129861
0.140663	-1.118351
0.141330	-1.106512
0.141996	-1.094344
0.142663	-1.083820
0.143330	-1.071981
0.143996	-1.060470
0.144663	-1.048960
0.145330	-1.037121
0.145996	-1.025282
0.146663	-1.012785
0.147330	-1.001603
0.147996	-0.990422
0.148663	-0.978254
0.149330	-0.966415
0.149996	-0.954576
0.150663	-0.943065
0.151330	-0.930897
0.151996	-0.919387
0.152663	-0.907877
0.153329	-0.895380
0.153996	-0.883541
0.154663	-0.872030
0.155329	-0.860191
0.155996	-0.848352
0.156663	-0.836842
0.157329	-0.825003
0.157996	-0.812177
0.158663	-0.800667
0.159329	-0.788499
0.159996	-0.776659
0.160663	-0.764491
0.161329	-0.752652
0.161996	-0.741142
0.162663	-0.728974
0.163329	-0.717135
0.163996	-0.704967
0.164663	-0.692799
0.165329	-0.680631
0.165996	-0.669120
0.166662	-0.656295
0.167329	-0.644784
0.167996	-0.632287
0.168662	-0.620448
0.169329	-0.607951
0.169996	-0.596112
0.170662	-0.583286
0.171329	-0.571447
0.171996	-0.559279
0.172662	-0.547111
0.173329	-0.534285
0.173996	-0.522117
0.174662	-0.509949
0.175329	-0.497781
0.175996	-0.485613
0.176662	-0.472788
0.177329	-0.460948
0.177996	-0.449109
0.178662	-0.436612
0.179329	-0.424444
0.179996	-0.412276
0.180662	-0.399779
0.181329	-0.387282
0.181995	-0.374786
0.182662	-0.362289
0.183329	-0.350121
0.183995	-0.337624
0.184662	-0.325785
0.185329	-0.312630
0.185995	-0.301449
0.186662	-0.288623
0.187329	-0.276126
0.187995	-0.263629
0.188662	-0.250474
0.189329	-0.237977
0.189995	-0.226467
0.190662	-0.213313
0.191329	-0.200816
0.191995	-0.188319
0.192662	-0.176151
0.193328	-0.163654
0.193995	-0.150170
0.194662	-0.139318
0.195328	-0.126163
0.195995	-0.113995
0.196662	-0.101498
0.197328	-0.089001
0.197995	-0.076833
0.198662	-0.063679
0.199328	-0.052168
0.199995	-0.039014
0.200662	-0.026188
0.201328	-0.014349
0.201995	-0.002181
0.202662	0.010316
0.203328	0.023142
0.203995	0.035310
0.204662	0.048135
0.205328	0.060304
0.205995	0.072800
0.206661	0.085297
0.207328	0.097794
0.207995	0.109962
0.208661	0.122459
0.209328	0.134956
0.209995	0.147453
0.210661	0.159292
0.211328	0.171789
0.211995	0.184944
0.212661	0.197112
0.213328	0.209280
0.213995	0.222105
0.214661	0.234602
0.215328	0.246441
0.215995	0.259596
0.216661	0.272093
0.217328	0.284261
0.217995	0.296758
0.218661	0.308597
0.219328	0.320765
0.219994	0.333591
0.220661	0.345759
0.221328	0.357269
0.221994	0.370752
0.222661	0.383249
0.223328	0.394760
0.223994	0.407585
0.224661	0.420082
0.225328	0.432250
0.225994	0.444747
0.226661	0.456257
0.227328	0.468754
0.227994	0.480922
0.228661	0.493419
0.229328	0.505916
0.229994	0.518084
0.230661	0.530910
0.231328	0.543078
0.231994	0.554917
0.232661	0.566756
0.233327	0.579253
0.233994	0.591421
0.234661	0.603589
0.235327	0.615428
0.235994	0.627596
0.236661	0.640093
0.237327	0.651603
0.237994	0.664100
0.238661	0.675611
0.239327	0.688107
0.239994	0.700276
0.240661	0.711786
0.241327	0.724283
0.241994	0.735793
0.242661	0.748948
0.243327	0.760129
0.243994	0.771968
0.244661	0.784136
0.245327	0.795318
0.245994	0.807486
0.246660	0.819325
0.247327	0.831493
0.247994	0.843332
0.248660	0.854842
0.249327	0.866681
0.249994	0.878849
0.250660	0.889702
0.251327	0.901541
0.251994	0.913051
0.252660	0.925548
0.253327	0.937058
0.253994	0.948569
0.254660	0.960408
0.255327	0.972247
0.255994	0.983757
0.256660	0.995596
0.257327	1.006120
0.257994	1.018617
0.258660	1.030127
0.259327	1.042295
0.259993	1.053477
0.260660	1.064658
0.261327	1.076168
0.261993	1.087350
0.262660	1.098531
0.263327	1.110042
0.263993	1.121223
0.264660	1.133062
0.265327	1.144572
0.265993	1.156083
0.266660	1.166935
0.267327	1.178117
0.267993	1.189627
0.268660	1.200808
0.269327	1.211990
0.269993	1.223171
0.270660	1.234353
0.271327	1.245205
0.271993	1.256387
0.272660	1.268555
0.273326	1.279407
0.273993	1.290589
0.274660	1.300783
0.275326	1.312294
0.275993	1.323146
0.276660	1.333670
0.277326	1.345180
0.277993	1.356033
0.278660	1.367214
0.279326	1.378067
0.279993	1.387604
0.280660	1.399114
0.281326	1.408651
0.281993	1.419833
0.282660	1.430685
0.283326	1.441209
0.283993	1.452390
0.284660	1.463572
0.285326	1.473766
0.285993	1.483632
0.286660	1.494485
0.287326	1.504351
0.287993	1.514875
0.288659	1.525727
0.289326	1.535922
0.289993	1.546446
0.290659	1.555983
0.291326	1.566835
0.291993	1.577359
0.292659	1.586896
0.293326	1.598077
0.293993	1.607943
0.294659	1.617809
0.295326	1.628004
0.295993	1.638199
0.296659	1.648723
0.297326	1.658260
0.297993	1.667797
0.298659	1.678320
0.299326	1.687529
0.299992	1.698381
0.300659	1.707589
0.301326	1.716798
0.301992	1.726664
0.302659	1.736858
0.303326	1.746724
0.303992	1.756590
0.304659	1.766127
0.305326	1.775993
0.305992	1.785202
0.306659	1.794739
0.307326	1.804933
0.307992	1.814142
0.308659	1.823350
0.309326	1.832558
0.309992	1.841437
0.310659	1.850975
0.311326	1.860183
0.311992	1.869720
0.312659	1.879257
0.313325	1.888136
0.313992	1.897344
0.314659	1.906224
0.315325	1.915761
0.315992	1.924311
0.316659	1.932204
0.317325	1.942399
0.317992	1.951936
0.318659	1.960487
0.319325	1.968379
0.319992	1.977588
0.320659	1.986467
0.321325	1.994689
0.321992	2.002252
0.322659	2.011789
0.323325	2.020998
0.323992	2.029548
0.324659	2.037770
0.325325	2.046320
0.325992	2.055200
0.326658	2.063421
0.327325	2.072629
0.327992	2.080522
0.328658	2.089073
0.329325	2.096637
0.329992	2.104858
0.330658	2.113080
0.331325	2.121630
0.331992	2.129523
0.332658	2.137087
0.333325	2.145637
0.333992	2.153201
0.334658	2.161752
0.335325	2.168987
0.335992	2.176880
0.336658	2.184444
0.337325	2.191679
0.337992	2.199242
0.338658	2.207464
0.339325	2.215028
0.339992	2.222592
0.340658	2.229169
0.341325	2.237062
0.341991	2.244955
0.342658	2.251861
0.343325	2.259754
0.343991	2.266660
0.344658	2.274224
0.345325	2.280801
0.345991	2.288036
0.346658	2.295600
0.347325	2.302506
0.347991	2.309412
0.348658	2.315989
0.349325	2.322567
0.349991	2.330131
0.350658	2.336050
0.351325	2.343285
0.351991	2.350191
0.352658	2.356769
0.353324	2.363346
0.353991	2.369594
0.354658	2.376829
0.355324	2.383078
0.355991	2.389655
0.356658	2.395246
0.357324	2.402810
0.357991	2.408729
0.358658	2.413991
0.359324	2.420897
0.359991	2.426817
0.360658	2.432736
0.361324	2.438985
0.361991	2.445233
0.362658	2.450495
0.363324	2.457072
0.363991	2.463650
0.364658	2.468912
0.365324	2.474502
0.365991	2.480093
0.366657	2.485684
0.367324	2.491603
0.367991	2.497523
0.368657	2.502456
0.369324	2.509033
0.369991	2.514295
0.370657	2.519557
0.371324	2.524161
0.371991	2.530080
0.372657	2.535342
0.373324	2.540604
0.373991	2.545866
0.374657	2.550799
0.375324	2.556390
0.375991	2.561323
0.376657	2.565269
0.377324	2.570531
0.377991	2.576121
0.378657	2.580397
0.379324	2.585330
0.379991	2.590592
0.380657	2.593880
0.381324	2.598484
0.381990	2.603417
0.382657	2.608350
0.383324	2.613283
0.383990	2.616901
0.384657	2.621505
0.385324	2.625780
0.385990	2.630055
0.386657	2.634002
0.387324	2.637619
0.387990	2.641894
0.388657	2.645841
0.389324	2.650116
0.389990	2.653734
0.390657	2.658009
0.391324	2.661297
0.391990	2.665573
0.392657	2.669848
0.393323	2.672808
0.393990	2.677083
0.394657	2.680372
0.395323	2.683660
0.395990	2.686949
0.396657	2.690566
0.397323	2.693855
0.397990	2.697473
0.398657	2.700103
0.399323	2.703721
0.399990	2.706352
0.400657	2.709641
0.401323	2.712929
0.401990	2.715560
0.402657	2.719506
0.403323	2.721809
0.403990	2.724111
0.404657	2.726741
0.405323	2.729701
0.405990	2.732003
0.406656	2.734963
0.407323	2.737265
0.407990	2.739896
0.408656	2.742527
0.409323	2.744500
0.409990	2.746802
0.410656	2.749433
0.411323	2.751406
0.411990	2.753708
0.412656	2.756339
0.413323	2.757655
0.413990	2.759628
0.414656	2.761601
0.415323	2.763574
0.415990	2.764890
0.416656	2.767850
0.417323	2.769165
0.417990	2.770809
0.418656	2.772125
0.419323	2.772783
0.419989	2.776071
0.420656	2.776729
0.421323	2.778373
0.421989	2.779689
0.422656	2.780018
0.423323	2.781991
0.423989	2.783964
0.424656	2.784293
0.425323	2.785608
0.425989	2.786595
0.426656	2.787910
0.427323	2.788568
0.427989	2.789226
0.428656	2.791199
0.429323	2.791528
0.429989	2.792843
0.430656	2.792514
0.431323	2.793830
0.431989	2.794488
0.432656	2.794816
0.433322	2.795474
0.433989	2.796132
0.434656	2.796132
0.435322	2.796461
0.435989	2.796461
0.436656	2.795803
0.437322	2.795803
0.437989	2.796132
0.438656	2.796132
0.439322	2.796461
0.439989	2.796461
0.440656	2.796132
0.441322	2.796461
0.441989	2.796132
0.442656	2.795803
0.443322	2.794816
0.443989	2.794488
0.444656	2.794816
0.445322	2.793172
0.445989	2.792514
0.446655	2.792514
0.447322	2.791857
0.447989	2.790870
0.448655	2.789226
0.449322	2.787910
0.449989	2.787253
0.450655	2.785279
0.451322	2.784951
0.451989	2.783306
0.452655	2.782648
0.453322	2.781004
0.453989	2.779689
0.454655	2.779360
0.455322	2.778044
0.455989	2.776729
0.456655	2.775085
0.457322	2.773111
0.457989	2.771467
0.458655	2.769494
0.459322	2.768507
0.459988	2.765876
0.460655	2.764561
0.461322	2.762588
0.461988	2.760943
0.462655	2.758641
0.463322	2.756668
0.463988	2.755024
0.464655	2.752393
0.465322	2.750091
0.465988	2.747460
0.466655	2.745816
0.467322	2.743514
0.467988	2.740883
0.468655	2.737923
0.469322	2.735950
0.469988	2.732990
0.470655	2.731346
0.471322	2.728057
0.471988	2.725426
0.472655	2.723453
0.473321	2.719835
0.473988	2.716876
0.474655	2.713258
0.475321	2.710956
0.475988	2.707996
0.476655	2.705036
0.477321	2.701419
0.477988	2.698788
0.478655	2.694842
0.479321	2.692211
0.479988	2.688922
0.480655	2.685633
0.481321	2.682345
0.481988	2.678070
0.482655	2.675110
0.483321	2.670506
0.483988	2.667546
0.484655	2.663599
0.485321	2.659653
0.485988	2.656036
0.486654	2.652089
0.487321	2.647485
0.487988	2.643210
0.488654	2.639921
0.489321	2.635975
0.489988	2.631700
0.490654	2.627753
0.491321	2.622820
0.491988	2.619532
0.492654	2.614928
0.493321	2.610323
0.493988	2.606048
0.494654	2.601115
0.495321	2.595853
0.495988	2.591907
0.496654	2.587632
0.497321	2.583028
0.497988	2.577437
0.498654	2.572833
0.499321	2.568886
0.499987	2.563625
0.500654	2.558363
0.501321	2.553430
0.501987	2.547839
0.502654	2.543235
0.503321	2.536987
0.503987	2.532711
0.504654	2.527449
0.505321	2.522188
0.505987	2.516268
0.506654	2.511006
0.507321	2.505416
0.507987	2.499825
0.508654	2.494563
0.509321	2.489301
0.509987	2.482724
0.510654	2.477133
0.511321	2.471214
0.511987	2.465623
0.512654	2.459374
0.513320	2.454113
0.513987	2.447535
0.514654	2.441616
0.515320	2.435367
0.515987	2.429448
0.516654	2.423199
0.517320	2.417280
0.517987	2.411360
0.518654	2.405112
0.519320	2.398535
0.519987	2.392615
0.520654	2.386367
0.521320	2.379789
0.521987	2.373870
0.522654	2.365977
0.523320	2.359400
0.523987	2.353480
0.524654	2.346245
0.525320	2.339668
0.525987	2.333090
0.526653	2.326184
0.527320	2.318620
0.527987	2.313030
0.528653	2.305795
0.529320	2.298231
0.529987	2.291325
0.530653	2.284090
0.531320	2.277183
0.531987	2.269948
0.532653	2.262713
0.533320	2.255807
0.533987	2.248572
0.534653	2.241008
0.535320	2.233444
0.535987	2.225552
0.536653	2.218645
0.537320	2.210753
0.537987	2.202860
0.538653	2.195296
0.539320	2.187732
0.539986	2.180497
0.540653	2.172933
0.541320	2.164712
0.541986	2.157148
0.542653	2.149255
0.543320	2.141362
0.543986	2.133141
0.544653	2.124590
0.545320	2.117026
0.545986	2.109462
0.546653	2.100254
0.547320	2.092361
0.547986	2.084797
0.548653	2.076247
0.549320	2.067368
0.549986	2.059475
0.550653	2.050924
0.551320	2.041716
0.551986	2.033166
0.552653	2.024944
0.553319	2.016722
0.553986	2.006857
0.554653	1.998306
0.555319	1.989427
0.555986	1.981534
0.556653	1.972983
0.557319	1.964104
0.557986	1.955882
0.558653	1.946345
0.559319	1.936808
0.559986	1.928258
0.560653	1.919707
0.561319	1.910170
0.561986	1.901620
0.562653	1.892412
0.563319	1.882546
0.563986	1.873995
0.564653	1.864787
0.565319	1.854592
0.565986	1.846042
0.566653	1.837162
0.567319	1.827625
0.567986	1.818088
0.568652	1.808551
0.569319	1.799343
0.569986	1.788819
0.570652	1.779611
0.571319	1.770074
0.571986	1.760537
0.572652	1.751000
0.573319	1.741134
0.573986	1.731268
0.574652	1.721073
0.575319	1.712194
0.575986	1.701999
0.576652	1.692133
0.577319	1.682267
0.577986	1.672730
0.578652	1.662864
0.579319	1.652669
0.579985	1.642803
0.580652	1.631950
0.581319	1.622742
0.581985	1.612547
0.582652	1.602353
0.583319	1.592487
0.583985	1.581634
0.584652	1.571768
0.585319	1.561573
0.585985	1.550721
0.586652	1.540855
0.587319	1.530331
0.587985	1.520136
0.588652	1.509613
0.589319	1.500076
0.589985	1.488565
0.590652	1.478370
0.591319	1.467847
0.591985	1.456665
0.592652	1.446471
0.593318	1.435947
0.593985	1.425423
0.594652	1.414571
0.595318	1.403389
0.595985	1.393523
0.596652	1.382671
0.597318	1.371489
0.597985	1.361295
0.598652	1.349784
0.599318	1.338932
0.599985	1.328079
0.600652	1.317555
0.601318	1.306374
0.601985	1.295850
0.602652	1.284340
0.603318	1.273488
0.603985	1.261977
0.604652	1.249809
0.605318	1.239614
0.605985	1.228433
0.606652	1.217580
0.607318	1.205741
0.607985	1.194560
0.608651	1.183707
0.609318	1.172197
0.609985	1.160687
0.610651	1.149505
0.611318	1.138653
0.611985	1.126814
0.612651	1.115961
0.613318	1.104122
0.613985	1.092283
0.614651	1.081430
0.615318	1.069920
0.615985	1.058081
0.616651	1.046899
0.617318	1.035718
0.617985	1.023879
0.618651	1.012040
0.619318	1.000529
0.619984	0.989348
0.620651	0.977509
0.621318	0.965999
0.621984	0.954159
0.622651	0.942320
0.623318	0.931139
0.623984	0.918971
0.624651	0.906474
0.625318	0.895293
0.625984	0.883453
0.626651	0.871614
0.627318	0.860762
0.627984	0.848923
0.628651	0.836426
0.629318	0.825244
0.629984	0.813076
0.630651	0.801566
0.631318	0.789069
0.631984	0.777559
0.632651	0.765391
0.633317	0.754209
0.633984	0.741713
0.634651	0.729873
0.635317	0.718034
0.635984	0.704880
0.636651	0.693698
0.637317	0.681859
0.637984	0.669362
0.638651	0.657194
0.639317	0.645355
0.639984	0.633516
0.640651	0.621348
0.641317	0.609509
0.641984	0.597341
0.642651	0.585173
0.643317	0.572676
0.643984	0.560837
0.644651	0.548669
0.645317	0.536501
0.645984	0.524333
0.646651	0.511507
0.647317	0.499339
0.647984	0.486513
0.648650	0.474016
0.649317	0.462177
0.649984	0.450338
0.650650	0.437841
0.651317	0.425344
0.651984	0.413505
0.652650	0.401337
0.653317	0.388511
0.653984	0.376672
0.654650	0.364175
0.655317	0.352007
0.655984	0.339839
0.656650	0.326684
0.657317	0.314845
0.657984	0.302348
0.658650	0.289852
0.659317	0.277684
0.659983	0.265516
0.660650	0.253019
0.661317	0.240193
0.661983	0.228025
0.662650	0.215528
0.663317	0.203031
0.663983	0.191192
0.664650	0.178366
0.665317	0.165212
0.665983	0.152715
0.666650	0.141204
0.667317	0.128050
0.667983	0.115882
0.668650	0.104043
0.669317	0.091217
0.669983	0.079049
0.670650	0.066552
0.671317	0.054713
0.671983	0.041229
0.672650	0.029390
0.673316	0.016893
0.673983	0.004068
0.674650	-0.008758
0.675316	-0.020269
0.675983	-0.032765
0.676650	-0.045591
0.677316	-0.058746
0.677983	-0.070585
0.678650	-0.083411
0.679316	-0.095908
0.679983	-0.107418
0.680650	-0.120244
0.681316	-0.132412
0.681983	-0.144909
0.682650	-0.157077
0.683316	-0.169902
0.683983	-0.182399
0.684650	-0.194567
0.685316	-0.206735
0.685983	-0.219232
0.686649	-0.232716
0.687316	-0.243897
0.687983	-0.257052
0.688649	-0.270535
0.689316	-0.282703
0.689983	-0.294871
0.690649	-0.307697
0.691316	-0.319207
0.691983	-0.331704
0.692649	-0.344530
0.693316	-0.356369
0.693983	-0.368866
0.694649	-0.382021
0.695316	-0.393202
0.695983	-0.405699
0.696649	-0.418196
0.697316	-0.430364
0.697983	-0.442532
0.698649	-0.455358
0.699316	-0.467197
0.699982	-0.479365
0.700649	-0.491204
0.701316	-0.504030
0.701982	-0.515869
0.702649	-0.529024
0.703316	-0.540863
0.703982	-0.553360
0.704649	-0.566185
0.705316	-0.577367
0.705982	-0.590193
0.706649	-0.602361
0.707316	-0.614857
0.707982	-0.626368
0.708649	-0.638536
0.709316	-0.650704
0.709982	-0.662543
0.710649	-0.674711
0.711316	-0.686879
0.711982	-0.699376
0.712649	-0.711215
0.713315	-0.723383
0.713982	-0.735551
0.714649	-0.746733
0.715315	-0.758572
0.715982	-0.771069
0.716649	-0.782908
0.717315	-0.794747
0.717982	-0.806915
0.718649	-0.818425
0.719315	-0.830593
0.719982	-0.842432
0.720649	-0.854601
0.721315	-0.866111
0.721982	-0.878608
0.722649	-0.889460
0.723315	-0.901628
0.723982	-0.913467
0.724649	-0.925307
0.725315	-0.937475
0.725982	-0.948656
0.726648	-0.960495
0.727315	-0.972334
0.727982	-0.983845
0.728648	-0.996013
0.729315	-1.007523
0.729982	-1.019362
0.730648	-1.031859
0.731315	-1.043041
0.731982	-1.055866
0.732648	-1.066390
0.733315	-1.077571
0.733982	-1.089082
0.734648	-1.100592
0.735315	-1.113089
0.735982	-1.124270
0.736648	-1.135781
0.737315	-1.146962
0.737982	-1.158144
0.738648	-1.169654
0.739315	-1.180835
0.739981	-1.191688
0.740648	-1.203856
0.741315	-1.214380
0.741981	-1.225890
0.742648	-1.236742
0.743315	-1.247924
0.743981	-1.259763
0.744648	-1.270945
0.745315	-1.282455
0.745981	-1.292979
0.746648	-1.304489
0.747315	-1.315341
0.747981	-1.326852
0.748648	-1.338362
0.749315	-1.349215
0.749981	-1.359409
0.750648	-1.370591
0.751315	-1.381443
0.751981	-1.392625
0.752648	-1.403477
0.753314	-1.414659
0.753981	-1.424854
0.754648	-1.436035
0.755314	-1.446888
0.755981	-1.456754
0.756648	-1.467935
0.757314	-1.478788
0.757981	-1.489311
0.758648	-1.499506
0.759314	-1.510688
0.759981	-1.521211
0.760648	-1.532064
0.761314	-1.542588
0.761981	-1.553111
0.762648	-1.563964
0.763314	-1.573501
0.763981	-1.584025
0.764648	-1.594220
0.765314	-1.605730
0.765981	-1.615596
0.766647	-1.626120
0.767314	-1.636314
0.767981	-1.646509
0.768647	-1.656046
0.769314	-1.666899
0.769981	-1.676765
0.770647	-1.686631
0.771314	-1.696497
0.771981	-1.706034
0.772647	-1.716558
0.773314	-1.726753
0.773981	-1.736619
0.774647	-1.746813
0.775314	-1.755364
0.775981	-1.765888
0.776647	-1.775425
0.777314	-1.785948
0.777981	-1.795814
0.778647	-1.806009
0.779314	-1.814889
0.779980	-1.824426
0.780647	-1.834292
0.781314	-1.843829
0.781980	-1.853037
0.782647	-1.862574
0.783314	-1.871782
0.783980	-1.881648
0.784647	-1.890528
0.785314	-1.899736
0.785980	-1.910260
0.786647	-1.919139
0.787314	-1.928018
0.787980	-1.937227
0.788647	-1.946106
0.789314	-1.955972
0.789980	-1.965180
0.790647	-1.973731
0.791314	-1.982281
0.791980	-1.991490
0.792647	-1.999711
0.793314	-2.008591
0.793980	-2.017799
0.794647	-2.027336
0.795313	-2.036544
0.795980	-2.044437
0.796647	-2.053316
0.797313	-2.062525
0.797980	-2.070746
0.798647	-2.078968
0.799313	-2.087847
0.799980	-2.096398
0.800647	-2.104948
0.801313	-2.114157
0.801980	-2.122049
0.802647	-2.129284
0.803313	-2.137506
0.803980	-2.146057
0.804647	-2.154607
0.805313	-2.162829
0.805980	-2.170722
0.806646	-2.178943
0.807313	-2.186836
0.807980	-2.194400
0.808646	-2.202950
0.809313	-2.210514
0.809980	-2.218736
0.810646	-2.225971
0.811313	-2.234193
0.811980	-2.241757
0.812646	-2.249978
0.813313	-2.256884
0.813980	-2.264777
0.814646	-2.272341
0.815313	-2.280234
0.815980	-2.287140
0.816646	-2.294704
0.817313	-2.301939
0.817980	-2.309174
0.818646	-2.316738
0.819313	-2.324302
0.819979	-2.331208
0.820646	-2.338114
0.821313	-2.345020
0.821979	-2.352584
0.822646	-2.359819
0.823313	-2.366397
0.823979	-2.373632
0.824646	-2.380209
0.825313	-2.387115
0.825979	-2.394022
0.826646	-2.400599
0.827313	-2.407834
0.827979	-2.414082
0.828646	-2.420989
0.829313	-2.427566
0.829979	-2.433814
0.830646	-2.440392
0.831313	-2.446969
0.831979	-2.453217
0.832646	-2.459466
0.833313	-2.466372
0.833979	-2.471963
0.834646	-2.478211
0.835312	-2.484460
0.835979	-2.490708
0.836646	-2.496299
0.837312	-2.502547
0.837979	-2.508467
0.838646	-2.514386
0.839312	-2.519977
0.839979	-2.525897
0.840646	-2.531816
0.841312	-2.537078
0.841979	-2.542998
0.842646	-2.548917
0.843312	-2.554837
0.843979	-2.560428
0.844646	-2.566018
0.845312	-2.571609
0.845979	-2.576871
0.846645	-2.582133
0.847312	-2.587724
0.847979	-2.592657
0.848645	-2.598247
0.849312	-2.603180
0.849979	-2.608113
0.850645	-2.613375
0.851312	-2.617979
0.851979	-2.623241
0.852645	-2.627845
0.853312	-2.632449
0.853979	-2.637382
0.854645	-2.641986
0.855312	-2.646919
0.855979	-2.651852
0.856645	-2.656128
0.857312	-2.660403
0.857979	-2.664349
0.858645	-2.668625
0.859312	-2.672900
0.859978	-2.677175
0.860645	-2.681779
0.861312	-2.685726
0.861978	-2.690659
0.862645	-2.694605
0.863312	-2.699209
0.863978	-2.703484
0.864645	-2.707102
0.865312	-2.710062
0.865978	-2.714995
0.866645	-2.718941
0.867312	-2.721901
0.867978	-2.726176
0.868645	-2.729465
0.869312	-2.733082
0.869978	-2.737029
0.870645	-2.739331
0.871312	-2.743606
0.871978	-2.746566
0.872645	-2.749197
0.873311	-2.752814
0.873978	-2.756432
0.874645	-2.759721
0.875311	-2.762680
0.875978	-2.765311
0.876645	-2.768929
0.877311	-2.771889
0.877978	-2.774191
0.878645	-2.777150
0.879311	-2.780439
0.879978	-2.783399
0.880645	-2.785372
0.881311	-2.787674
0.881978	-2.789976
0.882645	-2.793594
0.883311	-2.795896
0.883978	-2.798527
0.884645	-2.800829
0.885311	-2.803460
0.885978	-2.805762
0.886644	-2.807735
0.887311	-2.810695
0.887978	-2.811681
0.888644	-2.813655
0.889311	-2.815628
0.889978	-2.817930
0.890644	-2.819903
0.891311	-2.821218
0.891978	-2.823521
0.892644	-2.824178
0.893311	-2.826809
0.893978	-2.828454
0.894644	-2.830098
0.895311	-2.831084
0.895978	-2.832729
0.896644	-2.834044
0.897311	-2.835689
0.897978	-2.837333
0.898644	-2.837991
0.899311	-2.839306
0.899977	-2.840293
0.900644	-2.841279
0.901311	-2.842266
0.901977	-2.843581
0.902644	-2.844239
0.903311	-2.845883
0.903977	-2.846212
0.904644	-2.846870
0.905311	-2.847528
0.905977	-2.848514
0.906644	-2.848186
0.907311	-2.848843
0.907977	-2.849830
0.908644	-2.849830
0.909311	-2.849830
0.909977	-2.850488
0.910644	-2.851474
0.911311	-2.851474
0.911977	-2.852132
0.912644	-2.851803
0.913310	-2.851803
0.913977	-2.852132
0.914644	-2.851474
0.915310	-2.851474
0.915977	-2.851474
0.916644	-2.850159
0.917310	-2.849172
0.917977	-2.849830
0.918644	-2.849501
0.919310	-2.848514
0.919977	-2.848186
0.920644	-2.847857
0.921310	-2.846870
0.921977	-2.846870
0.922644	-2.845883
0.923310	-2.845555
0.923977	-2.843910
0.924644	-2.843253
0.925310	-2.841937
0.925977	-2.840622
0.926643	-2.839964
0.927310	-2.838977
0.927977	-2.837333
0.928643	-2.836017
0.929310	-2.835360
0.929977	-2.833715
0.930643	-2.831742
0.931310	-2.830098
0.931977	-2.828782
0.932643	-2.827796
0.933310	-2.826151
0.933977	-2.824178
0.934643	-2.822863
0.935310	-2.820890
0.935977	-2.818588
0.936643	-2.816943
0.937310	-2.814312
0.937977	-2.812668
0.938643	-2.811353
0.939310	-2.809050
0.939976	-2.806748
0.940643	-2.804775
0.941310	-2.801487
0.941976	-2.800171
0.942643	-2.797869
0.943310	-2.795238
0.943976	-2.791949
0.944643	-2.789318
0.945310	-2.786688
0.945976	-2.784057
0.946643	-2.781426
0.947310	-2.779124
0.947976	-2.776822
0.948643	-2.773533
0.949310	-2.770902
0.949976	-2.767613
0.950643	-2.763996
0.951310	-2.761694
0.951976	-2.758405
0.952643	-2.755116
0.953309	-2.751828
0.953976	-2.748210
0.954643	-2.745579
0.955309	-2.741962
0.955976	-2.738344
0.956643	-2.734727
0.957309	-2.731438
0.957976	-2.728149
0.958643	-2.723545
0.959309	-2.720585
0.959976	-2.716968
0.960643	-2.713022
0.961309	-2.708746
0.961976	-2.705129
0.962643	-2.701511
0.963309	-2.696578
0.963976	-2.692303
0.964643	-2.688685
0.965309	-2.683752
0.965976	-2.679477
0.966642	-2.675202
0.967309	-2.671584
0.967976	-2.666651
0.968642	-2.663034
0.969309	-2.658430
0.969976	-2.653826
0.970642	-2.650208
0.971309	-2.644617
0.971976	-2.639356
0.972642	-2.636067
0.973309	-2.630476
0.973976	-2.625543
0.974642	-2.620610
0.975309	-2.615348
0.975976	-2.610744
0.976642	-2.605482
0.977309	-2.600549
0.977976	-2.595616
0.978642	-2.591012
0.979309	-2.585093
0.979975	-2.579502
0.980642	-2.574569
0.981309	-2.569307
0.981975	-2.563716
0.982642	-2.558126
0.983309	-2.552206
0.983975	-2.546615
0.984642	-2.540367
0.985309	-2.534776
0.985975	-2.529185
0.986642	-2.522937
0.987309	-2.517017
0.987975	-2.511756
0.988642	-2.505836
0.989309	-2.500245
0.989975	-2.493668
0.990642	-2.487419
0.991309	-2.481171
0.991975	-2.475251
0.992642	-2.468674
0.993308	-2.463083
0.993975	-2.456177
0.994642	-2.450258
0.995308	-2.444009
0.995975	-2.436774
0.996642	-2.431183
0.997308	-2.423948
0.997975	-2.417700
0.998642	-2.411123
0.999308	-2.404216
0.999975	-2.397639
1.000642	-2.391391
1.001308	-2.384484
1.001975	-2.377578
1.002642	-2.370014
1.003308	-2.363108
1.003975	-2.356202
1.004642	-2.349296
1.005308	-2.342061
1.005975	-2.334826
1.006641	-2.327591
1.007308	-2.320684
1.007975	-2.312792
1.008641	-2.306543
1.009308	-2.298979
1.009975	-2.291086
1.010641	-2.283523
1.011308	-2.276287
1.011975	-2.268724
1.012641	-2.260502
1.013308	-2.252938
1.013975	-2.246032
1.014641	-2.237810
1.015308	-2.230575
1.015975	-2.222353
1.016641	-2.214461
1.017308	-2.206568
1.017975	-2.199004
1.018641	-2.190782
1.019308	-2.183218
1.019975	-2.174997
1.020641	-2.166775
1.021308	-2.159211
1.021974	-2.150661
1.022641	-2.142439
1.023308	-2.133889
1.023974	-2.125996
1.024641	-2.117774
1.025308	-2.109881
1.025974	-2.101002
1.026641	-2.092451
1.027308	-2.084230
1.027974	-2.075022
1.028641	-2.066471
1.029308	-2.057592
1.029974	-2.049370
1.030641	-2.040819
1.031308	-2.031611
1.031974	-2.023390
1.032641	-2.013195
1.033308	-2.004644
1.033974	-1.995765
1.034641	-1.987214
1.035307	-1.977677
1.035974	-1.969456
1.036641	-1.960576
1.037307	-1.951368
1.037974	-1.941502
1.038641	-1.932623
1.039307	-1.923085
1.039974	-1.914535
1.040641	-1.904998
1.041307	-1.895461
1.041974	-1.885924
1.042641	-1.876387
1.043307	-1.866849
1.043974	-1.857970
1.044641	-1.848433
1.045307	-1.839554
1.045974	-1.829359
1.046640	-1.819822
1.047307	-1.810942
1.047974	-1.801076
1.048640	-1.791210
1.049307	-1.780687
1.049974	-1.770492
1.050640	-1.761283
1.051307	-1.750760
1.051974	-1.741880
1.052640	-1.731357
1.053307	-1.721162
1.053974	-1.711296
1.054640	-1.701430
1.055307	-1.690906
1.055974	-1.681698
1.056640	-1.671174
1.057307	-1.660650
1.057974	-1.651113
1.058640	-1.641247
1.059307	-1.631053
1.059973	-1.621187
1.060640	-1.610663
1.061307	-1.599810
1.061973	-1.589615
1.062640	-1.578763
1.063307	-1.568239
1.063973	-1.558702
1.064640	-1.547521
1.065307	-1.536997
1.065973	-1.527131
1.066640	-1.517265
1.067307	-1.505755
1.067973	-1.495231
1.068640	-1.484050
1.069307	-1.473526
1.069973	-1.463002
1.070640	-1.452150
1.071307	-1.441297
1.071973	-1.430773
1.072640	-1.419921
1.073306	-1.409068
1.073973	-1.398216
1.074640	-1.386376
1.075306	-1.376510
1.075973	-1.365987
1.076640	-1.353819
1.077306	-1.343295
1.077973	-1.332442
1.078640	-1.320932
1.079306	-1.309751
1.079973	-1.298898
1.080640	-1.288046
1.081306	-1.276535
1.081973	-1.265025
1.082640	-1.253515
1.083306	-1.242662
1.083973	-1.231481
1.084640	-1.220299
1.085306	-1.209118
1.085973	-1.197279
1.086639	-1.186426
1.087306	-1.175902
1.087973	-1.163734
1.088639	-1.152553
1.089306	-1.140714
1.089973	-1.129532
1.090639	-1.118022
1.091306	-1.106840
1.091973	-1.095330
1.092639	-1.083491
1.093306	-1.072310
1.093973	-1.060470
1.094639	-1.049289
1.095306	-1.037450
1.095973	-1.026268
1.096639	-1.013443
1.097306	-1.001603
1.097973	-0.989764
1.098639	-0.978583
1.099306	-0.966415
1.099973	-0.955562
1.100639	-0.943394
1.101306	-0.931555
1.101972	-0.919716
1.102639	-0.907548
1.103306	-0.895380
1.103972	-0.884527
1.104639	-0.872030
1.105306	-0.860520
1.105972	-0.848681
1.106639	-0.836842
1.107306	-0.825003
1.107972	-0.812835
1.108639	-0.800995
1.109306	-0.788499
1.109972	-0.776330
1.110639	-0.765149
1.111306	-0.753310
1.111972	-0.741471
1.112639	-0.729303
1.113305	-0.717135
1.113972	-0.704967
1.114639	-0.693456
1.115305	-0.680631
1.115972	-0.669120
1.116639	-0.656952
1.117305	-0.644784
1.117972	-0.632945
1.118639	-0.620448
1.119305	-0.608280
1.119972	-0.596112
1.120639	-0.583615
1.121305	-0.571776
1.121972	-0.559279
1.122639	-0.547769
1.123305	-0.535272
1.123972	-0.522446
1.124639	-0.510936
1.125305	-0.498768
1.125972	-0.485613
1.126638	-0.473116
1.127305	-0.461277
1.127972	-0.449109
1.128638	-0.436941
1.129305	-0.424115
1.129972	-0.412934
1.130638	-0.399779
1.131305	-0.387611
1.131972	-0.375443
1.132638	-0.362618
1.133305	-0.350121
1.133972	-0.338281
1.134638	-0.325456
1.135305	-0.313288
1.135972	-0.300791
1.136638	-0.288623
1.137305	-0.276126
1.137972	-0.263958
1.138638	-0.250803
1.139305	-0.237649
1.139971	-0.226138
1.140638	-0.213641
1.141305	-0.200816
1.141971	-0.188648
1.142638	-0.176151
1.143305	-0.163325
1.143971	-0.150828
1.144638	-0.139318
1.145305	-0.126492
1.145971	-0.114324
1.146638	-0.101827
1.147305	-0.089988
1.147971	-0.077162
1.148638	-0.064008
1.149305	-0.051511
1.149971	-0.040000
1.150638	-0.026846
1.151305	-0.014349
1.151971	-0.002510
1.152638	0.010316
1.153304	0.023142
1.153971	0.035639
1.154638	0.047807
1.155304	0.059975
1.155971	0.072143
1.156638	0.084640
1.157304	0.097136
1.157971	0.110620
1.158638	0.121801
1.159304	0.134956
1.159971	0.147453
1.160638	0.158963
1.161304	0.172118
1.161971	0.184615
1.162638	0.196783
1.163304	0.208622
1.163971	0.221776
1.164638	0.234602
1.165304	0.246112
1.165971	0.258609
1.166637	0.272093
1.167304	0.283932
1.167971	0.296100
1.168637	0.308926
1.169304	0.320765
1.169971	0.332933
1.170637	0.346088
1.171304	0.357598
1.171971	0.370095
1.172637	0.382920
1.173304	0.394431
1.173971	0.407257
1.174637	0.419753
1.175304	0.431593
1.175971	0.444747
1.176637	0.455929
1.177304	0.468754
1.177971	0.480265
1.178637	0.493090
1.179304	0.505916
1.179971	0.518084
1.180637	0.530581
1.181304	0.542749
1.181970	0.554917
1.182637	0.566756
1.183304	0.579253
1.183970	0.591092
1.184637	0.603260
1.185304	0.615428
1.185970	0.627267
1.186637	0.639764
1.187304	0.651603
1.187970	0.663771
1.188637	0.675611
1.189304	0.687121
1.189970	0.699289
1.190637	0.711457
1.191304	0.723954
1.191970	0.736122
1.192637	0.748290
1.193303	0.760129
1.193970	0.771310
1.194637	0.783807
1.195303	0.795646
1.195970	0.807157
1.196637	0.819325
1.197303	0.831164
1.197970	0.842345
1.198637	0.854842
1.199303	0.866681
1.199970	0.877534
1.200637	0.889702
1.201303	0.901541
1.201970	0.912394
1.202637	0.925219
1.203303	0.937058
1.203970	0.947582
1.204637	0.959750
1.205303	0.971589
1.205970	0.983428
1.206636	0.994939
1.207303	1.006778
1.207970	1.018288
1.208636	1.029470
1.209303	1.041638
1.209970	1.053477
1.210636	1.064329
1.211303	1.075840
1.211970	1.087350
1.212636	1.098531
1.213303	1.110042
1.213970	1.120894
1.214636	1.132733
1.215303	1.143915
1.215970	1.155425
1.216636	1.166606
1.217303	1.177459
1.217970	1.189627
1.218636	1.200151
1.219303	1.211990
1.219969	1.222513
1.220636	1.234353
1.221303	1.244876
1.221969	1.255729
1.222636	1.267568
1.223303	1.279078
1.223969	1.290589
1.224636	1.301112
1.225303	1.311965
1.225969	1.322488
1.226636	1.333670
1.227303	1.345180
1.227969	1.356033
1.228636	1.366885
1.229303	1.377409
1.229969	1.388261
1.230636	1.398785
1.231303	1.408980
1.231969	1.419833
1.232636	1.430685
1.233302	1.440880
1.233969	1.452061
1.234636	1.463243
1.235302	1.473438
1.235969	1.483632
1.236636	1.494485
1.237302	1.505009
1.237969	1.514875
1.238636	1.525398
1.239302	1.535593
1.239969	1.546446
1.240636	1.555983
1.241302	1.567164
1.241969	1.576701
1.242636	1.587225
1.243302	1.597749
1.243969	1.608272
1.244636	1.617809
1.245302	1.627346
1.245969	1.638199
1.246636	1.648394
1.247302	1.658260
1.247969	1.667797
1.248635	1.677992
1.249302	1.687200
1.249969	1.698052
1.250635	1.707261
1.251302	1.716798
1.251969	1.726335
1.252635	1.736201
1.253302	1.746395
1.253969	1.755933
1.254635	1.765799
1.255302	1.775336
1.255969	1.785202
1.256635	1.794081
1.257302	1.804605
1.257969	1.813813
1.258635	1.823350
1.259302	1.833216
1.259969	1.841109
1.260635	1.850317
1.261302	1.859525
1.261968	1.869062
1.262635	1.878599
1.263302	1.887479
1.263968	1.897344
1.264635	1.905895
1.265302	1.914774
1.265968	1.924640
1.266635	1.933191
1.267302	1.941741
1.267968	1.951607
1.268635	1.959500
1.269302	1.968379
1.269968	1.976930
1.270635	1.985809
1.271302	1.994031
1.271968	2.002581
1.272635	2.011461
1.273301	2.020998
1.273968	2.029877
1.274635	2.038099
1.275301	2.046649
1.275968	2.054213
1.276635	2.063092
1.277301	2.071972
1.277968	2.080522
1.278635	2.088744
1.279301	2.096308
1.279968	2.105187
1.280635	2.113080
1.281301	2.121301
1.281968	2.128865
1.282635	2.137745
1.283301	2.145309
1.283968	2.152873
1.284635	2.160765
1.285301	2.168658
1.285968	2.176222
1.286634	2.184772
1.287301	2.192007
1.287968	2.199571
1.288634	2.207464
1.289301	2.214370
1.289968	2.222592
1.290634	2.229498
1.291301	2.237720
1.291968	2.244626
1.292634	2.252190
1.293301	2.259096
1.293968	2.266660
1.294634	2.274552
1.295301	2.281130
1.295968	2.288036
1.296634	2.295271
1.297301	2.302177
1.297968	2.309083
1.298634	2.315989
1.299301	2.322238
1.299967	2.329473
1.300634	2.336379
1.301301	2.343285
1.301967	2.350520
1.302634	2.356440
1.303301	2.363017
1.303967	2.369594
1.304634	2.376501
1.305301	2.383078
1.305967	2.389655
1.306634	2.395575
1.307301	2.401823
1.307967	2.408400
1.308634	2.414320
1.309301	2.420240
1.309967	2.426817
1.310634	2.432408
1.311301	2.438985
1.311967	2.444576
1.312634	2.451153
1.313300	2.457072
1.313967	2.462992
1.314634	2.468254
1.315300	2.473845
1.315967	2.480093
1.316634	2.485684
1.317300	2.491603
1.317967	2.496865
1.318634	2.502456
1.319300	2.508704
1.319967	2.513637
1.320634	2.519228
1.321300	2.524490
1.321967	2.530080
1.322634	2.535342
1.323300	2.539946
1.323967	2.545537
1.324634	2.550470
1.325300	2.556061
1.325967	2.561323
1.326634	2.565269
1.327300	2.570202
1.327967	2.575793
1.328633	2.580726
1.329300	2.585659
1.329967	2.590263
1.330633	2.594538
1.331300	2.598484
1.331967	2.603746
1.332633	2.609008
1.333300	2.612297
1.333967	2.617230
1.334633	2.621505
1.335300	2.625780
1.335967	2.629726
1.336633	2.634002
1.337300	2.638277
1.337967	2.642223
1.338633	2.645512
1.339300	2.650116
1.339966	2.654391
1.340633	2.658009
1.341300	2.661297
1.341966	2.665573
1.342633	2.668861
1.343300	2.672808
1.343966	2.676425
1.344633	2.680043
1.345300	2.683989
1.345966	2.687278
1.346633	2.690895
1.347300	2.693526
1.347966	2.697473
1.348633	2.700103
1.349300	2.703721
1.349966	2.706352
1.350633	2.709641
1.351300	2.712600
1.351966	2.715560
1.352633	2.718520
1.353299	2.722466
1.353966	2.724111
1.354633	2.727070
1.355299	2.730030
1.355966	2.732003
1.356633	2.734963
1.357299	2.737594
1.357966	2.739567
1.358633	2.741869
1.359299	2.745158
1.359966	2.746802
1.360633	2.749104
1.361299	2.751077
1.361966	2.754366
1.362633	2.756339
1.363299	2.758312
1.363966	2.759628
1.364633	2.761601
